bass_enable=true
bass_maxgain=5
compander_enable=true
compander_granularity=2
compander_response=95.0;200.0;400.0;800.0;1600.0;3400.0;7500.0;0;0;0;0;0;0;0
compander_time_freq_transforms=0
compander_timeconstant=0.22000
convolver_enable=false
convolver_file=/home/logic/.config/jamesdsp/irs/CorredHRTF_Crossfeed.wav
convolver_optimization_mode=0
convolver_waveform_edit=-80;-100;0;0;0;0
crossfeed_bs2b_fcut=700
crossfeed_bs2b_feed=60
crossfeed_enable=false
crossfeed_mode=0
ddc_enable=false
ddc_file=/home/logic/.config/jamesdsp/vdc/mh750.vdc
graphiceq_enable=true
graphiceq_param=GraphicEQ: 20 -3.3; 21 -3.3; 22 -3.3; 23 -3.3; 24 -3.3; 26 -3.2; 27 -3.2; 29 -3.2; 30 -3.3; 32 -3.2; 34 -3.2; 36 -3.2; 38 -3.2; 40 -3.3; 43 -3.3; 45 -3.4; 48 -3.5; 50 -3.6; 53 -3.6; 56 -3.6; 59 -3.7; 63 -3.9; 66 -4.1; 70 -4.3; 74 -4.5; 78 -4.8; 83 -5.1; 87 -5.4; 92 -5.8; 97 -6.1; 103 -6.4; 109 -6.7; 115 -7.1; 121 -7.4; 128 -7.8; 136 -8.2; 143 -8.4; 151 -8.6; 160 -8.9; 169 -9; 178 -9.2; 188 -9.4; 199 -9.5; 210 -9.5; 222 -9.6; 235 -9.7; 248 -9.7; 262 -9.8; 277 -9.8; 292 -9.7; 309 -9.7; 326 -9.6; 345 -9.5; 364 -9.4; 385 -9.3; 406 -9.1; 429 -9; 453 -9; 479 -9.1; 506 -9.1; 534 -8.7; 565 -8.1; 596 -7.7; 630 -7.5; 665 -7.6; 703 -7.7; 743 -7.4; 784 -7.2; 829 -7.2; 875 -7.1; 924 -7.1; 977 -7; 1032 -7.1; 1090 -7.1; 1151 -7; 1216 -6.8; 1284 -6.7; 1357 -6.4; 1433 -6.1; 1514 -5.7; 1599 -5.4; 1689 -5; 1784 -4.6; 1885 -4.2; 1991 -3.8; 2103 -3.6; 2221 -3.7; 2347 -3.9; 2479 -4.2; 2618 -5.1; 2766 -6; 2921 -6.1; 3086 -5.6; 3260 -4.5; 3443 -3.3; 3637 -2.7; 3842 -2.2; 4058 -2.3; 4287 -2.7; 4528 -2.6; 4783 -2.1; 5052 -1.3; 5337 -0.7; 5637 -0.5; 5955 -0.2; 6290 -0.5; 6644 -0.9; 7018 -1.5; 7414 -1.9; 7831 -2.2; 8272 -2.7; 8738 -3.4; 9230 -4.1; 9749 -4.4; 10298 -4.6; 10878 -5.2; 11490 -5.9; 12137 -6.6; 12821 -7.3; 13543 -8; 14305 -8.8; 15110 -9.6; 15961 -10.5; 16860 -11.4; 17809 -12.4; 18812 -13.3; 19871 -14.3
liveprog_enable=false
liveprog_file=/home/logic/.config/jamesdsp/liveprog/swapChannels.eel
master_enable=true
master_limrelease=60
master_limthreshold=0
master_postgain=0
reverb_bassboost=0.25000
reverb_decay=2.08000
reverb_delay=0.00000
reverb_enable=false
reverb_finaldry=-7.00000
reverb_finalwet=-9.00000
reverb_lfo_spin=0.70000
reverb_lfo_wander=0.30000
reverb_lpf_bass=600
reverb_lpf_damp=9000
reverb_lpf_input=18000
reverb_lpf_output=17000
reverb_osf=1
reverb_reflection_amount=0.30000
reverb_reflection_factor=1.00000
reverb_reflection_width=0.70000
reverb_wet=-8.00000
reverb_width=1.00000
stereowide_enable=false
stereowide_level=60
tone_enable=false
tone_eq=25.0;40.0;63.0;100.0;160.0;250.0;400.0;630.0;1000.0;1600.0;2500.0;4000.0;6300.0;10000.0;16000.0;3;3;6.1;8.5;9;7;6.1;6.1;5;8;3.5;3.5;8;10;8
tone_filtertype=0
tone_interpolation=0
tube_enable=true
tube_pregain=170
