bass_enable=true
bass_maxgain=5
compander_enable=false
compander_granularity=2
compander_response=95.0;200.0;400.0;800.0;1600.0;3400.0;7500.0;0;0;0;0;0;0;0
compander_time_freq_transforms=0
compander_timeconstant=0.22000
convolver_enable=false
convolver_file=/home/logic/.config/jamesdsp/irs/CorredHRTF_Crossfeed.wav
convolver_optimization_mode=0
convolver_waveform_edit=-80;-100;0;0;0;0
crossfeed_bs2b_fcut=700
crossfeed_bs2b_feed=60
crossfeed_enable=false
crossfeed_mode=0
ddc_enable=false
ddc_file=/home/logic/.config/jamesdsp/vdc/mh750.vdc
graphiceq_enable=true
graphiceq_param=GraphicEQ: 20 -6.3; 21 -6.4; 22 -6.5; 23 -6.6; 24 -6.7; 26 -6.7; 27 -6.9; 29 -7; 30 -7; 32 -7.1; 34 -7.2; 36 -7.2; 38 -7.3; 40 -7.3; 43 -7.4; 45 -7.4; 48 -7.5; 50 -7.5; 53 -7.6; 56 -7.7; 59 -7.7; 63 -7.8; 66 -7.9; 70 -8; 74 -8.1; 78 -8.3; 83 -8.5; 87 -8.7; 92 -8.9; 97 -9.1; 103 -9.3; 109 -9.5; 115 -9.7; 121 -9.9; 128 -10; 136 -10.2; 143 -10.3; 151 -10.4; 160 -10.4; 169 -10.4; 178 -10.4; 188 -10.4; 199 -10.2; 210 -10.1; 222 -10.3; 235 -10.3; 248 -10.3; 262 -10.2; 277 -10.2; 292 -10.1; 309 -10.1; 326 -10; 345 -9.9; 364 -9.9; 385 -9.8; 406 -9.7; 429 -9.6; 453 -9.6; 479 -9.4; 506 -8.7; 534 -8.7; 565 -8.4; 596 -7.8; 630 -7.8; 665 -7.7; 703 -7.6; 743 -7.4; 784 -7.2; 829 -7; 875 -6.8; 924 -6.7; 977 -6.5; 1032 -6.5; 1090 -6.4; 1151 -6.4; 1216 -6.3; 1284 -6.2; 1357 -5.9; 1433 -5.6; 1514 -5.3; 1599 -5; 1689 -5.1; 1784 -5; 1885 -4.7; 1991 -4.6; 2103 -4.7; 2221 -4.8; 2347 -4.7; 2479 -4.5; 2618 -4.3; 2766 -4.2; 2921 -4.2; 3086 -4.3; 3260 -3.7; 3443 -2.7; 3637 -2.3; 3842 -2.1; 4058 -2; 4287 -1.9; 4528 -1.6; 4783 -1.1; 5052 -1.6; 5337 -0.9; 5637 -0.3; 5955 -0.2; 6290 -0.2; 6644 -0.2; 7018 -0.3; 7414 -0.9; 7831 -1.2; 8272 -1.2; 8738 -1.3; 9230 -1.9; 9749 -3.1; 10298 -4.3; 10878 -4.2; 11490 -4.1; 12137 -3.8; 12821 -3.4; 13543 -3; 14305 -2.4; 15110 -1.7; 15961 -0.9; 16860 -0.3; 17809 -0.2; 18812 -0.2; 19871 -0.2
liveprog_enable=false
liveprog_file=
master_enable=true
master_limrelease=60
master_limthreshold=0
master_postgain=0
reverb_bassboost=0.25000
reverb_decay=2.08000
reverb_delay=0.00000
reverb_enable=false
reverb_finaldry=-7.00000
reverb_finalwet=-9.00000
reverb_lfo_spin=0.70000
reverb_lfo_wander=0.30000
reverb_lpf_bass=600
reverb_lpf_damp=9000
reverb_lpf_input=18000
reverb_lpf_output=17000
reverb_osf=1
reverb_reflection_amount=0.30000
reverb_reflection_factor=1.00000
reverb_reflection_width=0.70000
reverb_wet=-8.00000
reverb_width=1.00000
stereowide_enable=false
stereowide_level=60
tone_enable=false
tone_eq=25.0;40.0;63.0;100.0;160.0;250.0;400.0;630.0;1000.0;1600.0;2500.0;4000.0;6300.0;10000.0;16000.0;-1.5;-2;-3;-3;-0.5;1.5;3.5;3.5;3.5;3;2;1.5;0;0;-1.5
tone_filtertype=0
tone_interpolation=0
tube_enable=true
tube_pregain=170
